{
 "cells": [
  {
   "cell_type": "code",
   "execution_count": 7,
   "metadata": {},
   "outputs": [
    {
     "name": "stdout",
     "output_type": "stream",
     "text": [
      "Collecting scikit-learn\n",
      "  Downloading scikit_learn-1.2.2-cp39-cp39-win_amd64.whl (8.4 MB)\n",
      "     ---------------------------------------- 8.4/8.4 MB 4.6 MB/s eta 0:00:00\n",
      "Collecting joblib>=1.1.1\n",
      "  Using cached joblib-1.2.0-py3-none-any.whl (297 kB)\n",
      "Requirement already satisfied: numpy>=1.17.3 in c:\\users\\admin\\anaconda3\\envs\\bteam\\lib\\site-packages (from scikit-learn) (1.24.3)\n",
      "Collecting scipy>=1.3.2\n",
      "  Downloading scipy-1.10.1-cp39-cp39-win_amd64.whl (42.5 MB)\n",
      "     ---------------------------------------- 42.5/42.5 MB 6.1 MB/s eta 0:00:00\n",
      "Collecting threadpoolctl>=2.0.0\n",
      "  Using cached threadpoolctl-3.1.0-py3-none-any.whl (14 kB)\n",
      "Installing collected packages: threadpoolctl, scipy, joblib, scikit-learn\n",
      "Successfully installed joblib-1.2.0 scikit-learn-1.2.2 scipy-1.10.1 threadpoolctl-3.1.0\n"
     ]
    }
   ],
   "source": [
    "!pip install scikit-learn"
   ]
  },
  {
   "cell_type": "code",
   "execution_count": 8,
   "metadata": {},
   "outputs": [],
   "source": [
    "from sklearn.linear_model import LogisticRegression\n",
    "from sklearn.datasets import load_iris\n",
    "import pickle"
   ]
  },
  {
   "cell_type": "code",
   "execution_count": 11,
   "metadata": {},
   "outputs": [],
   "source": [
    "X=load_iris()['data']\n",
    "y=load_iris()['target']"
   ]
  },
  {
   "cell_type": "code",
   "execution_count": 12,
   "metadata": {},
   "outputs": [],
   "source": [
    "import warnings\n",
    "warnings.filterwarnings(action='ignore')"
   ]
  },
  {
   "cell_type": "code",
   "execution_count": 13,
   "metadata": {},
   "outputs": [
    {
     "data": {
      "text/html": [
       "<style>#sk-container-id-1 {color: black;background-color: white;}#sk-container-id-1 pre{padding: 0;}#sk-container-id-1 div.sk-toggleable {background-color: white;}#sk-container-id-1 label.sk-toggleable__label {cursor: pointer;display: block;width: 100%;margin-bottom: 0;padding: 0.3em;box-sizing: border-box;text-align: center;}#sk-container-id-1 label.sk-toggleable__label-arrow:before {content: \"▸\";float: left;margin-right: 0.25em;color: #696969;}#sk-container-id-1 label.sk-toggleable__label-arrow:hover:before {color: black;}#sk-container-id-1 div.sk-estimator:hover label.sk-toggleable__label-arrow:before {color: black;}#sk-container-id-1 div.sk-toggleable__content {max-height: 0;max-width: 0;overflow: hidden;text-align: left;background-color: #f0f8ff;}#sk-container-id-1 div.sk-toggleable__content pre {margin: 0.2em;color: black;border-radius: 0.25em;background-color: #f0f8ff;}#sk-container-id-1 input.sk-toggleable__control:checked~div.sk-toggleable__content {max-height: 200px;max-width: 100%;overflow: auto;}#sk-container-id-1 input.sk-toggleable__control:checked~label.sk-toggleable__label-arrow:before {content: \"▾\";}#sk-container-id-1 div.sk-estimator input.sk-toggleable__control:checked~label.sk-toggleable__label {background-color: #d4ebff;}#sk-container-id-1 div.sk-label input.sk-toggleable__control:checked~label.sk-toggleable__label {background-color: #d4ebff;}#sk-container-id-1 input.sk-hidden--visually {border: 0;clip: rect(1px 1px 1px 1px);clip: rect(1px, 1px, 1px, 1px);height: 1px;margin: -1px;overflow: hidden;padding: 0;position: absolute;width: 1px;}#sk-container-id-1 div.sk-estimator {font-family: monospace;background-color: #f0f8ff;border: 1px dotted black;border-radius: 0.25em;box-sizing: border-box;margin-bottom: 0.5em;}#sk-container-id-1 div.sk-estimator:hover {background-color: #d4ebff;}#sk-container-id-1 div.sk-parallel-item::after {content: \"\";width: 100%;border-bottom: 1px solid gray;flex-grow: 1;}#sk-container-id-1 div.sk-label:hover label.sk-toggleable__label {background-color: #d4ebff;}#sk-container-id-1 div.sk-serial::before {content: \"\";position: absolute;border-left: 1px solid gray;box-sizing: border-box;top: 0;bottom: 0;left: 50%;z-index: 0;}#sk-container-id-1 div.sk-serial {display: flex;flex-direction: column;align-items: center;background-color: white;padding-right: 0.2em;padding-left: 0.2em;position: relative;}#sk-container-id-1 div.sk-item {position: relative;z-index: 1;}#sk-container-id-1 div.sk-parallel {display: flex;align-items: stretch;justify-content: center;background-color: white;position: relative;}#sk-container-id-1 div.sk-item::before, #sk-container-id-1 div.sk-parallel-item::before {content: \"\";position: absolute;border-left: 1px solid gray;box-sizing: border-box;top: 0;bottom: 0;left: 50%;z-index: -1;}#sk-container-id-1 div.sk-parallel-item {display: flex;flex-direction: column;z-index: 1;position: relative;background-color: white;}#sk-container-id-1 div.sk-parallel-item:first-child::after {align-self: flex-end;width: 50%;}#sk-container-id-1 div.sk-parallel-item:last-child::after {align-self: flex-start;width: 50%;}#sk-container-id-1 div.sk-parallel-item:only-child::after {width: 0;}#sk-container-id-1 div.sk-dashed-wrapped {border: 1px dashed gray;margin: 0 0.4em 0.5em 0.4em;box-sizing: border-box;padding-bottom: 0.4em;background-color: white;}#sk-container-id-1 div.sk-label label {font-family: monospace;font-weight: bold;display: inline-block;line-height: 1.2em;}#sk-container-id-1 div.sk-label-container {text-align: center;}#sk-container-id-1 div.sk-container {/* jupyter's `normalize.less` sets `[hidden] { display: none; }` but bootstrap.min.css set `[hidden] { display: none !important; }` so we also need the `!important` here to be able to override the default hidden behavior on the sphinx rendered scikit-learn.org. See: https://github.com/scikit-learn/scikit-learn/issues/21755 */display: inline-block !important;position: relative;}#sk-container-id-1 div.sk-text-repr-fallback {display: none;}</style><div id=\"sk-container-id-1\" class=\"sk-top-container\"><div class=\"sk-text-repr-fallback\"><pre>LogisticRegression()</pre><b>In a Jupyter environment, please rerun this cell to show the HTML representation or trust the notebook. <br />On GitHub, the HTML representation is unable to render, please try loading this page with nbviewer.org.</b></div><div class=\"sk-container\" hidden><div class=\"sk-item\"><div class=\"sk-estimator sk-toggleable\"><input class=\"sk-toggleable__control sk-hidden--visually\" id=\"sk-estimator-id-1\" type=\"checkbox\" checked><label for=\"sk-estimator-id-1\" class=\"sk-toggleable__label sk-toggleable__label-arrow\">LogisticRegression</label><div class=\"sk-toggleable__content\"><pre>LogisticRegression()</pre></div></div></div></div></div>"
      ],
      "text/plain": [
       "LogisticRegression()"
      ]
     },
     "execution_count": 13,
     "metadata": {},
     "output_type": "execute_result"
    }
   ],
   "source": [
    "model=LogisticRegression()\n",
    "model.fit(X, y)"
   ]
  },
  {
   "cell_type": "code",
   "execution_count": 17,
   "metadata": {},
   "outputs": [],
   "source": [
    "with open('C:\\\\www\\\\app\\\\model.pickle', 'wb') as f:\n",
    "    pickle.dump(model, f)"
   ]
  },
  {
   "cell_type": "code",
   "execution_count": 16,
   "metadata": {},
   "outputs": [
    {
     "name": "stdout",
     "output_type": "stream",
     "text": [
      "\\www\u0007pp\n",
      "\\www\\app\n"
     ]
    }
   ],
   "source": [
    "print('\\www\\app')\n",
    "print('\\\\www\\\\app')\n"
   ]
  },
  {
   "cell_type": "code",
   "execution_count": 18,
   "metadata": {},
   "outputs": [
    {
     "data": {
      "text/plain": [
       "0.9733333333333334"
      ]
     },
     "execution_count": 18,
     "metadata": {},
     "output_type": "execute_result"
    }
   ],
   "source": [
    "model.score(X, y)"
   ]
  },
  {
   "cell_type": "code",
   "execution_count": 19,
   "metadata": {},
   "outputs": [
    {
     "data": {
      "text/plain": [
       "array([0, 0, 0, 0, 0, 0, 0, 0, 0, 0, 0, 0, 0, 0, 0, 0, 0, 0, 0, 0, 0, 0,\n",
       "       0, 0, 0, 0, 0, 0, 0, 0, 0, 0, 0, 0, 0, 0, 0, 0, 0, 0, 0, 0, 0, 0,\n",
       "       0, 0, 0, 0, 0, 0, 1, 1, 1, 1, 1, 1, 1, 1, 1, 1, 1, 1, 1, 1, 1, 1,\n",
       "       1, 1, 1, 1, 2, 1, 1, 1, 1, 1, 1, 2, 1, 1, 1, 1, 1, 2, 1, 1, 1, 1,\n",
       "       1, 1, 1, 1, 1, 1, 1, 1, 1, 1, 1, 1, 2, 2, 2, 2, 2, 2, 1, 2, 2, 2,\n",
       "       2, 2, 2, 2, 2, 2, 2, 2, 2, 2, 2, 2, 2, 2, 2, 2, 2, 2, 2, 2, 2, 2,\n",
       "       2, 2, 2, 2, 2, 2, 2, 2, 2, 2, 2, 2, 2, 2, 2, 2, 2, 2])"
      ]
     },
     "execution_count": 19,
     "metadata": {},
     "output_type": "execute_result"
    }
   ],
   "source": [
    "model.predict(X)"
   ]
  },
  {
   "cell_type": "code",
   "execution_count": 20,
   "metadata": {},
   "outputs": [
    {
     "data": {
      "text/plain": [
       "array([[9.81810819e-01, 1.81891663e-02, 1.44226885e-08],\n",
       "       [9.71750652e-01, 2.82493178e-02, 3.01583887e-08],\n",
       "       [9.85458695e-01, 1.45412924e-02, 1.23251855e-08],\n",
       "       [9.76303899e-01, 2.36960614e-02, 3.97250599e-08],\n",
       "       [9.85392404e-01, 1.46075838e-02, 1.19427924e-08],\n",
       "       [9.70472994e-01, 2.95269321e-02, 7.35171688e-08],\n",
       "       [9.86892267e-01, 1.31077129e-02, 1.99828462e-08],\n",
       "       [9.76412153e-01, 2.35878189e-02, 2.76262098e-08],\n",
       "       [9.79852509e-01, 2.01474604e-02, 3.06913037e-08],\n",
       "       [9.69152315e-01, 3.08476531e-02, 3.16419997e-08],\n",
       "       [9.76519922e-01, 2.34800589e-02, 1.92122322e-08],\n",
       "       [9.75413430e-01, 2.45865258e-02, 4.38555781e-08],\n",
       "       [9.74578393e-01, 2.54215854e-02, 2.14807192e-08],\n",
       "       [9.91977507e-01, 8.02248861e-03, 3.89495564e-09],\n",
       "       [9.88216805e-01, 1.17831926e-02, 2.80538971e-09],\n",
       "       [9.86778687e-01, 1.32213005e-02, 1.27859804e-08],\n",
       "       [9.88125385e-01, 1.18746057e-02, 9.19598487e-09],\n",
       "       [9.81568038e-01, 1.84319424e-02, 1.96927639e-08],\n",
       "       [9.56616306e-01, 4.33836260e-02, 6.83602720e-08],\n",
       "       [9.84124929e-01, 1.58750503e-02, 2.05251467e-08],\n",
       "       [9.46809044e-01, 5.31908695e-02, 8.63522568e-08],\n",
       "       [9.81754799e-01, 1.82451684e-02, 3.28757191e-08],\n",
       "       [9.96009760e-01, 3.99023820e-03, 1.31258530e-09],\n",
       "       [9.52358644e-01, 4.76411190e-02, 2.37368739e-07],\n",
       "       [9.51844373e-01, 4.81554204e-02, 2.06236914e-07],\n",
       "       [9.51602291e-01, 4.83976219e-02, 8.68703832e-08],\n",
       "       [9.69643188e-01, 3.03567255e-02, 8.64351860e-08],\n",
       "       [9.74948959e-01, 2.50510162e-02, 2.49406905e-08],\n",
       "       [9.77371244e-01, 2.26287384e-02, 1.74020217e-08],\n",
       "       [9.71235244e-01, 2.87646977e-02, 5.85388001e-08],\n",
       "       [9.64308244e-01, 3.56916860e-02, 7.04461072e-08],\n",
       "       [9.64995937e-01, 3.50040054e-02, 5.75390815e-08],\n",
       "       [9.88379727e-01, 1.16202662e-02, 7.01249468e-09],\n",
       "       [9.89072526e-01, 1.09274690e-02, 5.28910017e-09],\n",
       "       [9.68745950e-01, 3.12540070e-02, 4.31966073e-08],\n",
       "       [9.84688720e-01, 1.53112721e-02, 7.99023256e-09],\n",
       "       [9.78985895e-01, 2.10140954e-02, 9.61952583e-09],\n",
       "       [9.86873061e-01, 1.31269309e-02, 8.49447830e-09],\n",
       "       [9.85861453e-01, 1.41385316e-02, 1.55506088e-08],\n",
       "       [9.74125524e-01, 2.58744476e-02, 2.84155752e-08],\n",
       "       [9.86641674e-01, 1.33583145e-02, 1.13667822e-08],\n",
       "       [9.62306236e-01, 3.76936976e-02, 6.63352581e-08],\n",
       "       [9.89020923e-01, 1.09790661e-02, 1.12875663e-08],\n",
       "       [9.72480334e-01, 2.75195281e-02, 1.37539303e-07],\n",
       "       [9.60249302e-01, 3.97504752e-02, 2.22641961e-07],\n",
       "       [9.73900479e-01, 2.60994806e-02, 4.00389175e-08],\n",
       "       [9.80320026e-01, 1.96799490e-02, 2.52866232e-08],\n",
       "       [9.83353228e-01, 1.66467519e-02, 2.01495785e-08],\n",
       "       [9.78599598e-01, 2.14003834e-02, 1.86744729e-08],\n",
       "       [9.78696049e-01, 2.13039317e-02, 1.92730088e-08],\n",
       "       [2.11595739e-03, 8.74241762e-01, 1.23642281e-01],\n",
       "       [5.77198354e-03, 8.59789701e-01, 1.34438315e-01],\n",
       "       [1.05322333e-03, 7.25499933e-01, 2.73446843e-01],\n",
       "       [1.53463272e-02, 9.39225294e-01, 4.54283791e-02],\n",
       "       [2.36244424e-03, 8.14599634e-01, 1.83037922e-01],\n",
       "       [6.90485605e-03, 8.60075298e-01, 1.33019846e-01],\n",
       "       [3.72978146e-03, 7.16992013e-01, 2.79278206e-01],\n",
       "       [1.47493307e-01, 8.49411988e-01, 3.09470547e-03],\n",
       "       [2.76170822e-03, 8.96636282e-01, 1.00602009e-01],\n",
       "       [4.11341631e-02, 9.11832588e-01, 4.70332486e-02],\n",
       "       [5.57608517e-02, 9.37665405e-01, 6.57374298e-03],\n",
       "       [1.50604109e-02, 8.98574122e-01, 8.63654668e-02],\n",
       "       [9.09600449e-03, 9.76429440e-01, 1.44745552e-02],\n",
       "       [3.01696777e-03, 7.79334789e-01, 2.17648243e-01],\n",
       "       [7.42450425e-02, 9.15210737e-01, 1.05442210e-02],\n",
       "       [5.26237216e-03, 9.26285739e-01, 6.84518891e-02],\n",
       "       [8.59777281e-03, 7.74585186e-01, 2.16817041e-01],\n",
       "       [1.63479764e-02, 9.65243250e-01, 1.84087737e-02],\n",
       "       [1.80208036e-03, 7.99062415e-01, 1.99135505e-01],\n",
       "       [2.38698515e-02, 9.59400041e-01, 1.67301078e-02],\n",
       "       [2.27162324e-03, 4.40112427e-01, 5.57615950e-01],\n",
       "       [1.67822343e-02, 9.56650229e-01, 2.65675365e-02],\n",
       "       [7.08038744e-04, 5.95182437e-01, 4.04109524e-01],\n",
       "       [3.00976311e-03, 8.60138776e-01, 1.36851461e-01],\n",
       "       [7.04651815e-03, 9.42842572e-01, 5.01109101e-02],\n",
       "       [5.05579753e-03, 9.19953316e-01, 7.49908868e-02],\n",
       "       [1.11373677e-03, 8.01342202e-01, 1.97544061e-01],\n",
       "       [5.73066497e-04, 4.80973814e-01, 5.18453119e-01],\n",
       "       [5.43020771e-03, 8.12681046e-01, 1.81888746e-01],\n",
       "       [6.17040949e-02, 9.34884282e-01, 3.41162344e-03],\n",
       "       [2.90597909e-02, 9.57190242e-01, 1.37499672e-02],\n",
       "       [3.70819190e-02, 9.55312214e-01, 7.60586724e-03],\n",
       "       [2.50881396e-02, 9.56442347e-01, 1.84695138e-02],\n",
       "       [4.42712272e-04, 3.49511172e-01, 6.50046115e-01],\n",
       "       [1.00759787e-02, 7.50874496e-01, 2.39049526e-01],\n",
       "       [9.86817878e-03, 7.89105666e-01, 2.01026155e-01],\n",
       "       [2.24866318e-03, 8.05238148e-01, 1.92513189e-01],\n",
       "       [2.75678312e-03, 9.12447929e-01, 8.47952878e-02],\n",
       "       [2.68120652e-02, 9.28654840e-01, 4.45330948e-02],\n",
       "       [1.97959109e-02, 9.37804504e-01, 4.23995847e-02],\n",
       "       [8.62317277e-03, 8.97742275e-01, 9.36345518e-02],\n",
       "       [4.59771061e-03, 8.28369009e-01, 1.67033280e-01],\n",
       "       [1.75067409e-02, 9.56900599e-01, 2.55926601e-02],\n",
       "       [1.21615986e-01, 8.75291160e-01, 3.09285394e-03],\n",
       "       [1.43446503e-02, 9.20266700e-01, 6.53886494e-02],\n",
       "       [1.97976184e-02, 9.38274213e-01, 4.19281681e-02],\n",
       "       [1.69488896e-02, 9.25418223e-01, 5.76328877e-02],\n",
       "       [8.44819839e-03, 9.35030127e-01, 5.65216743e-02],\n",
       "       [2.43977895e-01, 7.54710390e-01, 1.31171493e-03],\n",
       "       [1.90239017e-02, 9.35952285e-01, 4.50238138e-02],\n",
       "       [8.83313747e-07, 3.92534188e-03, 9.96073775e-01],\n",
       "       [2.38093005e-04, 1.61912425e-01, 8.37849482e-01],\n",
       "       [2.44816424e-06, 2.56293999e-02, 9.74368152e-01],\n",
       "       [3.07466476e-05, 8.19463341e-02, 9.18022919e-01],\n",
       "       [3.66669428e-06, 1.74570979e-02, 9.82539235e-01],\n",
       "       [5.47306020e-08, 4.67879926e-03, 9.95321146e-01],\n",
       "       [5.65954212e-03, 5.11512583e-01, 4.82827875e-01],\n",
       "       [6.15704571e-07, 2.15336777e-02, 9.78465707e-01],\n",
       "       [5.14957793e-06, 5.32697278e-02, 9.46725123e-01],\n",
       "       [6.44430752e-07, 5.77785880e-03, 9.94221497e-01],\n",
       "       [2.97908876e-04, 2.10291794e-01, 7.89410297e-01],\n",
       "       [7.15812308e-05, 1.36853495e-01, 8.63074924e-01],\n",
       "       [2.09516033e-05, 6.51752577e-02, 9.34803791e-01],\n",
       "       [2.24348133e-04, 1.44042858e-01, 8.55732794e-01],\n",
       "       [6.72763225e-05, 4.30635781e-02, 9.56869146e-01],\n",
       "       [5.06460766e-05, 5.38758518e-02, 9.46073502e-01],\n",
       "       [5.48527715e-05, 1.23271381e-01, 8.76673767e-01],\n",
       "       [8.40542801e-08, 3.62638760e-03, 9.96373528e-01],\n",
       "       [3.10315882e-09, 1.00385035e-03, 9.98996147e-01],\n",
       "       [3.84362010e-04, 4.50223917e-01, 5.49391721e-01],\n",
       "       [5.51122126e-06, 2.38523784e-02, 9.76142110e-01],\n",
       "       [6.00853718e-04, 1.89424777e-01, 8.09974369e-01],\n",
       "       [3.10561013e-08, 4.69323601e-03, 9.95306733e-01],\n",
       "       [5.77845843e-04, 3.91537825e-01, 6.07884329e-01],\n",
       "       [1.26492017e-05, 3.87791399e-02, 9.61208211e-01],\n",
       "       [4.81578330e-06, 5.19753788e-02, 9.48019805e-01],\n",
       "       [1.05857329e-03, 4.54998458e-01, 5.43942968e-01],\n",
       "       [1.00826123e-03, 3.84847740e-01, 6.14143998e-01],\n",
       "       [1.04538062e-05, 3.62592782e-02, 9.63730268e-01],\n",
       "       [1.67626840e-05, 1.42974139e-01, 8.57009099e-01],\n",
       "       [1.05275208e-06, 2.93116045e-02, 9.70687343e-01],\n",
       "       [7.00751146e-07, 1.77247078e-02, 9.82274591e-01],\n",
       "       [7.72657752e-06, 2.71642421e-02, 9.72828031e-01],\n",
       "       [5.22447369e-04, 4.75890182e-01, 5.23587371e-01],\n",
       "       [6.17802080e-05, 1.89477613e-01, 8.10460606e-01],\n",
       "       [3.88525235e-07, 1.17482111e-02, 9.88251400e-01],\n",
       "       [1.13886473e-05, 1.73510972e-02, 9.82637514e-01],\n",
       "       [6.67317016e-05, 1.19999677e-01, 8.79933591e-01],\n",
       "       [1.59749301e-03, 4.39639140e-01, 5.58763367e-01],\n",
       "       [3.91364110e-05, 9.33634434e-02, 9.06597420e-01],\n",
       "       [6.18562833e-06, 2.02249562e-02, 9.79768858e-01],\n",
       "       [9.81523699e-05, 1.19855312e-01, 8.80046535e-01],\n",
       "       [2.38093005e-04, 1.61912425e-01, 8.37849482e-01],\n",
       "       [2.01448182e-06, 1.26170989e-02, 9.87380887e-01],\n",
       "       [3.73670851e-06, 1.20916937e-02, 9.87904570e-01],\n",
       "       [5.49467704e-05, 7.95731853e-02, 9.20371868e-01],\n",
       "       [2.23500968e-04, 2.50145266e-01, 7.49631233e-01],\n",
       "       [1.36289033e-04, 1.56778039e-01, 8.43085672e-01],\n",
       "       [4.47667889e-05, 3.84618004e-02, 9.61493433e-01],\n",
       "       [4.67659874e-04, 2.34939877e-01, 7.64592464e-01]])"
      ]
     },
     "execution_count": 20,
     "metadata": {},
     "output_type": "execute_result"
    }
   ],
   "source": [
    "model.predict_proba(X)"
   ]
  },
  {
   "cell_type": "code",
   "execution_count": 26,
   "metadata": {},
   "outputs": [
    {
     "data": {
      "text/plain": [
       "array([[5.1, 3.5, 1.4, 0.2],\n",
       "       [4.9, 3. , 1.4, 0.2]])"
      ]
     },
     "execution_count": 26,
     "metadata": {},
     "output_type": "execute_result"
    }
   ],
   "source": [
    "X[0:2, :]"
   ]
  },
  {
   "cell_type": "code",
   "execution_count": 27,
   "metadata": {},
   "outputs": [
    {
     "data": {
      "text/plain": [
       "['DESCR',\n",
       " 'data',\n",
       " 'data_module',\n",
       " 'feature_names',\n",
       " 'filename',\n",
       " 'frame',\n",
       " 'target',\n",
       " 'target_names']"
      ]
     },
     "execution_count": 27,
     "metadata": {},
     "output_type": "execute_result"
    }
   ],
   "source": [
    "dir(load_iris())"
   ]
  },
  {
   "cell_type": "code",
   "execution_count": 29,
   "metadata": {},
   "outputs": [
    {
     "data": {
      "text/plain": [
       "list"
      ]
     },
     "execution_count": 29,
     "metadata": {},
     "output_type": "execute_result"
    }
   ],
   "source": [
    "type(dir(load_iris()))"
   ]
  },
  {
   "cell_type": "code",
   "execution_count": 30,
   "metadata": {},
   "outputs": [
    {
     "data": {
      "text/plain": [
       "'iris.csv'"
      ]
     },
     "execution_count": 30,
     "metadata": {},
     "output_type": "execute_result"
    }
   ],
   "source": [
    "load_iris()['filename']"
   ]
  },
  {
   "cell_type": "code",
   "execution_count": 31,
   "metadata": {},
   "outputs": [
    {
     "data": {
      "text/plain": [
       "{'data': array([[5.1, 3.5, 1.4, 0.2],\n",
       "        [4.9, 3. , 1.4, 0.2],\n",
       "        [4.7, 3.2, 1.3, 0.2],\n",
       "        [4.6, 3.1, 1.5, 0.2],\n",
       "        [5. , 3.6, 1.4, 0.2],\n",
       "        [5.4, 3.9, 1.7, 0.4],\n",
       "        [4.6, 3.4, 1.4, 0.3],\n",
       "        [5. , 3.4, 1.5, 0.2],\n",
       "        [4.4, 2.9, 1.4, 0.2],\n",
       "        [4.9, 3.1, 1.5, 0.1],\n",
       "        [5.4, 3.7, 1.5, 0.2],\n",
       "        [4.8, 3.4, 1.6, 0.2],\n",
       "        [4.8, 3. , 1.4, 0.1],\n",
       "        [4.3, 3. , 1.1, 0.1],\n",
       "        [5.8, 4. , 1.2, 0.2],\n",
       "        [5.7, 4.4, 1.5, 0.4],\n",
       "        [5.4, 3.9, 1.3, 0.4],\n",
       "        [5.1, 3.5, 1.4, 0.3],\n",
       "        [5.7, 3.8, 1.7, 0.3],\n",
       "        [5.1, 3.8, 1.5, 0.3],\n",
       "        [5.4, 3.4, 1.7, 0.2],\n",
       "        [5.1, 3.7, 1.5, 0.4],\n",
       "        [4.6, 3.6, 1. , 0.2],\n",
       "        [5.1, 3.3, 1.7, 0.5],\n",
       "        [4.8, 3.4, 1.9, 0.2],\n",
       "        [5. , 3. , 1.6, 0.2],\n",
       "        [5. , 3.4, 1.6, 0.4],\n",
       "        [5.2, 3.5, 1.5, 0.2],\n",
       "        [5.2, 3.4, 1.4, 0.2],\n",
       "        [4.7, 3.2, 1.6, 0.2],\n",
       "        [4.8, 3.1, 1.6, 0.2],\n",
       "        [5.4, 3.4, 1.5, 0.4],\n",
       "        [5.2, 4.1, 1.5, 0.1],\n",
       "        [5.5, 4.2, 1.4, 0.2],\n",
       "        [4.9, 3.1, 1.5, 0.2],\n",
       "        [5. , 3.2, 1.2, 0.2],\n",
       "        [5.5, 3.5, 1.3, 0.2],\n",
       "        [4.9, 3.6, 1.4, 0.1],\n",
       "        [4.4, 3. , 1.3, 0.2],\n",
       "        [5.1, 3.4, 1.5, 0.2],\n",
       "        [5. , 3.5, 1.3, 0.3],\n",
       "        [4.5, 2.3, 1.3, 0.3],\n",
       "        [4.4, 3.2, 1.3, 0.2],\n",
       "        [5. , 3.5, 1.6, 0.6],\n",
       "        [5.1, 3.8, 1.9, 0.4],\n",
       "        [4.8, 3. , 1.4, 0.3],\n",
       "        [5.1, 3.8, 1.6, 0.2],\n",
       "        [4.6, 3.2, 1.4, 0.2],\n",
       "        [5.3, 3.7, 1.5, 0.2],\n",
       "        [5. , 3.3, 1.4, 0.2],\n",
       "        [7. , 3.2, 4.7, 1.4],\n",
       "        [6.4, 3.2, 4.5, 1.5],\n",
       "        [6.9, 3.1, 4.9, 1.5],\n",
       "        [5.5, 2.3, 4. , 1.3],\n",
       "        [6.5, 2.8, 4.6, 1.5],\n",
       "        [5.7, 2.8, 4.5, 1.3],\n",
       "        [6.3, 3.3, 4.7, 1.6],\n",
       "        [4.9, 2.4, 3.3, 1. ],\n",
       "        [6.6, 2.9, 4.6, 1.3],\n",
       "        [5.2, 2.7, 3.9, 1.4],\n",
       "        [5. , 2. , 3.5, 1. ],\n",
       "        [5.9, 3. , 4.2, 1.5],\n",
       "        [6. , 2.2, 4. , 1. ],\n",
       "        [6.1, 2.9, 4.7, 1.4],\n",
       "        [5.6, 2.9, 3.6, 1.3],\n",
       "        [6.7, 3.1, 4.4, 1.4],\n",
       "        [5.6, 3. , 4.5, 1.5],\n",
       "        [5.8, 2.7, 4.1, 1. ],\n",
       "        [6.2, 2.2, 4.5, 1.5],\n",
       "        [5.6, 2.5, 3.9, 1.1],\n",
       "        [5.9, 3.2, 4.8, 1.8],\n",
       "        [6.1, 2.8, 4. , 1.3],\n",
       "        [6.3, 2.5, 4.9, 1.5],\n",
       "        [6.1, 2.8, 4.7, 1.2],\n",
       "        [6.4, 2.9, 4.3, 1.3],\n",
       "        [6.6, 3. , 4.4, 1.4],\n",
       "        [6.8, 2.8, 4.8, 1.4],\n",
       "        [6.7, 3. , 5. , 1.7],\n",
       "        [6. , 2.9, 4.5, 1.5],\n",
       "        [5.7, 2.6, 3.5, 1. ],\n",
       "        [5.5, 2.4, 3.8, 1.1],\n",
       "        [5.5, 2.4, 3.7, 1. ],\n",
       "        [5.8, 2.7, 3.9, 1.2],\n",
       "        [6. , 2.7, 5.1, 1.6],\n",
       "        [5.4, 3. , 4.5, 1.5],\n",
       "        [6. , 3.4, 4.5, 1.6],\n",
       "        [6.7, 3.1, 4.7, 1.5],\n",
       "        [6.3, 2.3, 4.4, 1.3],\n",
       "        [5.6, 3. , 4.1, 1.3],\n",
       "        [5.5, 2.5, 4. , 1.3],\n",
       "        [5.5, 2.6, 4.4, 1.2],\n",
       "        [6.1, 3. , 4.6, 1.4],\n",
       "        [5.8, 2.6, 4. , 1.2],\n",
       "        [5. , 2.3, 3.3, 1. ],\n",
       "        [5.6, 2.7, 4.2, 1.3],\n",
       "        [5.7, 3. , 4.2, 1.2],\n",
       "        [5.7, 2.9, 4.2, 1.3],\n",
       "        [6.2, 2.9, 4.3, 1.3],\n",
       "        [5.1, 2.5, 3. , 1.1],\n",
       "        [5.7, 2.8, 4.1, 1.3],\n",
       "        [6.3, 3.3, 6. , 2.5],\n",
       "        [5.8, 2.7, 5.1, 1.9],\n",
       "        [7.1, 3. , 5.9, 2.1],\n",
       "        [6.3, 2.9, 5.6, 1.8],\n",
       "        [6.5, 3. , 5.8, 2.2],\n",
       "        [7.6, 3. , 6.6, 2.1],\n",
       "        [4.9, 2.5, 4.5, 1.7],\n",
       "        [7.3, 2.9, 6.3, 1.8],\n",
       "        [6.7, 2.5, 5.8, 1.8],\n",
       "        [7.2, 3.6, 6.1, 2.5],\n",
       "        [6.5, 3.2, 5.1, 2. ],\n",
       "        [6.4, 2.7, 5.3, 1.9],\n",
       "        [6.8, 3. , 5.5, 2.1],\n",
       "        [5.7, 2.5, 5. , 2. ],\n",
       "        [5.8, 2.8, 5.1, 2.4],\n",
       "        [6.4, 3.2, 5.3, 2.3],\n",
       "        [6.5, 3. , 5.5, 1.8],\n",
       "        [7.7, 3.8, 6.7, 2.2],\n",
       "        [7.7, 2.6, 6.9, 2.3],\n",
       "        [6. , 2.2, 5. , 1.5],\n",
       "        [6.9, 3.2, 5.7, 2.3],\n",
       "        [5.6, 2.8, 4.9, 2. ],\n",
       "        [7.7, 2.8, 6.7, 2. ],\n",
       "        [6.3, 2.7, 4.9, 1.8],\n",
       "        [6.7, 3.3, 5.7, 2.1],\n",
       "        [7.2, 3.2, 6. , 1.8],\n",
       "        [6.2, 2.8, 4.8, 1.8],\n",
       "        [6.1, 3. , 4.9, 1.8],\n",
       "        [6.4, 2.8, 5.6, 2.1],\n",
       "        [7.2, 3. , 5.8, 1.6],\n",
       "        [7.4, 2.8, 6.1, 1.9],\n",
       "        [7.9, 3.8, 6.4, 2. ],\n",
       "        [6.4, 2.8, 5.6, 2.2],\n",
       "        [6.3, 2.8, 5.1, 1.5],\n",
       "        [6.1, 2.6, 5.6, 1.4],\n",
       "        [7.7, 3. , 6.1, 2.3],\n",
       "        [6.3, 3.4, 5.6, 2.4],\n",
       "        [6.4, 3.1, 5.5, 1.8],\n",
       "        [6. , 3. , 4.8, 1.8],\n",
       "        [6.9, 3.1, 5.4, 2.1],\n",
       "        [6.7, 3.1, 5.6, 2.4],\n",
       "        [6.9, 3.1, 5.1, 2.3],\n",
       "        [5.8, 2.7, 5.1, 1.9],\n",
       "        [6.8, 3.2, 5.9, 2.3],\n",
       "        [6.7, 3.3, 5.7, 2.5],\n",
       "        [6.7, 3. , 5.2, 2.3],\n",
       "        [6.3, 2.5, 5. , 1.9],\n",
       "        [6.5, 3. , 5.2, 2. ],\n",
       "        [6.2, 3.4, 5.4, 2.3],\n",
       "        [5.9, 3. , 5.1, 1.8]]),\n",
       " 'target': array([0, 0, 0, 0, 0, 0, 0, 0, 0, 0, 0, 0, 0, 0, 0, 0, 0, 0, 0, 0, 0, 0,\n",
       "        0, 0, 0, 0, 0, 0, 0, 0, 0, 0, 0, 0, 0, 0, 0, 0, 0, 0, 0, 0, 0, 0,\n",
       "        0, 0, 0, 0, 0, 0, 1, 1, 1, 1, 1, 1, 1, 1, 1, 1, 1, 1, 1, 1, 1, 1,\n",
       "        1, 1, 1, 1, 1, 1, 1, 1, 1, 1, 1, 1, 1, 1, 1, 1, 1, 1, 1, 1, 1, 1,\n",
       "        1, 1, 1, 1, 1, 1, 1, 1, 1, 1, 1, 1, 2, 2, 2, 2, 2, 2, 2, 2, 2, 2,\n",
       "        2, 2, 2, 2, 2, 2, 2, 2, 2, 2, 2, 2, 2, 2, 2, 2, 2, 2, 2, 2, 2, 2,\n",
       "        2, 2, 2, 2, 2, 2, 2, 2, 2, 2, 2, 2, 2, 2, 2, 2, 2, 2]),\n",
       " 'frame': None,\n",
       " 'target_names': array(['setosa', 'versicolor', 'virginica'], dtype='<U10'),\n",
       " 'DESCR': '.. _iris_dataset:\\n\\nIris plants dataset\\n--------------------\\n\\n**Data Set Characteristics:**\\n\\n    :Number of Instances: 150 (50 in each of three classes)\\n    :Number of Attributes: 4 numeric, predictive attributes and the class\\n    :Attribute Information:\\n        - sepal length in cm\\n        - sepal width in cm\\n        - petal length in cm\\n        - petal width in cm\\n        - class:\\n                - Iris-Setosa\\n                - Iris-Versicolour\\n                - Iris-Virginica\\n                \\n    :Summary Statistics:\\n\\n    ============== ==== ==== ======= ===== ====================\\n                    Min  Max   Mean    SD   Class Correlation\\n    ============== ==== ==== ======= ===== ====================\\n    sepal length:   4.3  7.9   5.84   0.83    0.7826\\n    sepal width:    2.0  4.4   3.05   0.43   -0.4194\\n    petal length:   1.0  6.9   3.76   1.76    0.9490  (high!)\\n    petal width:    0.1  2.5   1.20   0.76    0.9565  (high!)\\n    ============== ==== ==== ======= ===== ====================\\n\\n    :Missing Attribute Values: None\\n    :Class Distribution: 33.3% for each of 3 classes.\\n    :Creator: R.A. Fisher\\n    :Donor: Michael Marshall (MARSHALL%PLU@io.arc.nasa.gov)\\n    :Date: July, 1988\\n\\nThe famous Iris database, first used by Sir R.A. Fisher. The dataset is taken\\nfrom Fisher\\'s paper. Note that it\\'s the same as in R, but not as in the UCI\\nMachine Learning Repository, which has two wrong data points.\\n\\nThis is perhaps the best known database to be found in the\\npattern recognition literature.  Fisher\\'s paper is a classic in the field and\\nis referenced frequently to this day.  (See Duda & Hart, for example.)  The\\ndata set contains 3 classes of 50 instances each, where each class refers to a\\ntype of iris plant.  One class is linearly separable from the other 2; the\\nlatter are NOT linearly separable from each other.\\n\\n.. topic:: References\\n\\n   - Fisher, R.A. \"The use of multiple measurements in taxonomic problems\"\\n     Annual Eugenics, 7, Part II, 179-188 (1936); also in \"Contributions to\\n     Mathematical Statistics\" (John Wiley, NY, 1950).\\n   - Duda, R.O., & Hart, P.E. (1973) Pattern Classification and Scene Analysis.\\n     (Q327.D83) John Wiley & Sons.  ISBN 0-471-22361-1.  See page 218.\\n   - Dasarathy, B.V. (1980) \"Nosing Around the Neighborhood: A New System\\n     Structure and Classification Rule for Recognition in Partially Exposed\\n     Environments\".  IEEE Transactions on Pattern Analysis and Machine\\n     Intelligence, Vol. PAMI-2, No. 1, 67-71.\\n   - Gates, G.W. (1972) \"The Reduced Nearest Neighbor Rule\".  IEEE Transactions\\n     on Information Theory, May 1972, 431-433.\\n   - See also: 1988 MLC Proceedings, 54-64.  Cheeseman et al\"s AUTOCLASS II\\n     conceptual clustering system finds 3 classes in the data.\\n   - Many, many more ...',\n",
       " 'feature_names': ['sepal length (cm)',\n",
       "  'sepal width (cm)',\n",
       "  'petal length (cm)',\n",
       "  'petal width (cm)'],\n",
       " 'filename': 'iris.csv',\n",
       " 'data_module': 'sklearn.datasets.data'}"
      ]
     },
     "execution_count": 31,
     "metadata": {},
     "output_type": "execute_result"
    }
   ],
   "source": [
    "load_iris()"
   ]
  },
  {
   "cell_type": "code",
   "execution_count": 32,
   "metadata": {},
   "outputs": [
    {
     "data": {
      "text/plain": [
       "array([0, 0, 0, 0, 0, 0, 0, 0, 0, 0, 0, 0, 0, 0, 0, 0, 0, 0, 0, 0, 0, 0,\n",
       "       0, 0, 0, 0, 0, 0, 0, 0, 0, 0, 0, 0, 0, 0, 0, 0, 0, 0, 0, 0, 0, 0,\n",
       "       0, 0, 0, 0, 0, 0, 1, 1, 1, 1, 1, 1, 1, 1, 1, 1, 1, 1, 1, 1, 1, 1,\n",
       "       1, 1, 1, 1, 1, 1, 1, 1, 1, 1, 1, 1, 1, 1, 1, 1, 1, 1, 1, 1, 1, 1,\n",
       "       1, 1, 1, 1, 1, 1, 1, 1, 1, 1, 1, 1, 2, 2, 2, 2, 2, 2, 2, 2, 2, 2,\n",
       "       2, 2, 2, 2, 2, 2, 2, 2, 2, 2, 2, 2, 2, 2, 2, 2, 2, 2, 2, 2, 2, 2,\n",
       "       2, 2, 2, 2, 2, 2, 2, 2, 2, 2, 2, 2, 2, 2, 2, 2, 2, 2])"
      ]
     },
     "execution_count": 32,
     "metadata": {},
     "output_type": "execute_result"
    }
   ],
   "source": [
    "load_iris()['target']"
   ]
  },
  {
   "cell_type": "code",
   "execution_count": 33,
   "metadata": {},
   "outputs": [
    {
     "data": {
      "text/plain": [
       "array(['setosa', 'versicolor', 'virginica'], dtype='<U10')"
      ]
     },
     "execution_count": 33,
     "metadata": {},
     "output_type": "execute_result"
    }
   ],
   "source": [
    "load_iris()['target_names']"
   ]
  },
  {
   "cell_type": "code",
   "execution_count": 34,
   "metadata": {},
   "outputs": [
    {
     "data": {
      "text/plain": [
       "['sepal length (cm)',\n",
       " 'sepal width (cm)',\n",
       " 'petal length (cm)',\n",
       " 'petal width (cm)']"
      ]
     },
     "execution_count": 34,
     "metadata": {},
     "output_type": "execute_result"
    }
   ],
   "source": [
    "load_iris()['feature_names']"
   ]
  },
  {
   "cell_type": "code",
   "execution_count": 36,
   "metadata": {},
   "outputs": [
    {
     "name": "stdout",
     "output_type": "stream",
     "text": [
      "Collecting pandas\n",
      "  Downloading pandas-2.0.1-cp39-cp39-win_amd64.whl (10.7 MB)\n",
      "     ---------------------------------------- 10.7/10.7 MB 4.4 MB/s eta 0:00:00\n",
      "Requirement already satisfied: numpy>=1.20.3 in c:\\users\\admin\\anaconda3\\envs\\bteam\\lib\\site-packages (from pandas) (1.24.3)\n",
      "Requirement already satisfied: python-dateutil>=2.8.2 in c:\\users\\admin\\anaconda3\\envs\\bteam\\lib\\site-packages (from pandas) (2.8.2)\n",
      "Collecting pytz>=2020.1\n",
      "  Downloading pytz-2023.3-py2.py3-none-any.whl (502 kB)\n",
      "     ------------------------------------- 502.3/502.3 kB 10.5 MB/s eta 0:00:00\n",
      "Collecting tzdata>=2022.1\n",
      "  Downloading tzdata-2023.3-py2.py3-none-any.whl (341 kB)\n",
      "     -------------------------------------- 341.8/341.8 kB 5.3 MB/s eta 0:00:00\n",
      "Requirement already satisfied: six>=1.5 in c:\\users\\admin\\anaconda3\\envs\\bteam\\lib\\site-packages (from python-dateutil>=2.8.2->pandas) (1.16.0)\n",
      "Installing collected packages: pytz, tzdata, pandas\n",
      "  Attempting uninstall: tzdata\n",
      "    Found existing installation: tzdata 2021.1\n",
      "    Uninstalling tzdata-2021.1:\n",
      "      Successfully uninstalled tzdata-2021.1\n",
      "Successfully installed pandas-2.0.1 pytz-2023.3 tzdata-2023.3\n"
     ]
    }
   ],
   "source": [
    "# !pip install pandas\n",
    "import pandas as pd"
   ]
  },
  {
   "cell_type": "code",
   "execution_count": 39,
   "metadata": {},
   "outputs": [
    {
     "name": "stdout",
     "output_type": "stream",
     "text": [
      "Requirement already satisfied: numpy in c:\\users\\admin\\anaconda3\\envs\\bteam\\lib\\site-packages (1.24.3)\n"
     ]
    }
   ],
   "source": [
    "!pip install numpy\n",
    "import numpy as np"
   ]
  },
  {
   "cell_type": "code",
   "execution_count": 40,
   "metadata": {},
   "outputs": [
    {
     "data": {
      "text/html": [
       "<div>\n",
       "<style scoped>\n",
       "    .dataframe tbody tr th:only-of-type {\n",
       "        vertical-align: middle;\n",
       "    }\n",
       "\n",
       "    .dataframe tbody tr th {\n",
       "        vertical-align: top;\n",
       "    }\n",
       "\n",
       "    .dataframe thead th {\n",
       "        text-align: right;\n",
       "    }\n",
       "</style>\n",
       "<table border=\"1\" class=\"dataframe\">\n",
       "  <thead>\n",
       "    <tr style=\"text-align: right;\">\n",
       "      <th></th>\n",
       "      <th>sepal length (cm)</th>\n",
       "      <th>sepal width (cm)</th>\n",
       "      <th>petal length (cm)</th>\n",
       "      <th>petal width (cm)</th>\n",
       "      <th>species</th>\n",
       "    </tr>\n",
       "  </thead>\n",
       "  <tbody>\n",
       "    <tr>\n",
       "      <th>0</th>\n",
       "      <td>5.1</td>\n",
       "      <td>3.5</td>\n",
       "      <td>1.4</td>\n",
       "      <td>0.2</td>\n",
       "      <td>setosa</td>\n",
       "    </tr>\n",
       "    <tr>\n",
       "      <th>1</th>\n",
       "      <td>4.9</td>\n",
       "      <td>3.0</td>\n",
       "      <td>1.4</td>\n",
       "      <td>0.2</td>\n",
       "      <td>setosa</td>\n",
       "    </tr>\n",
       "    <tr>\n",
       "      <th>2</th>\n",
       "      <td>4.7</td>\n",
       "      <td>3.2</td>\n",
       "      <td>1.3</td>\n",
       "      <td>0.2</td>\n",
       "      <td>setosa</td>\n",
       "    </tr>\n",
       "    <tr>\n",
       "      <th>3</th>\n",
       "      <td>4.6</td>\n",
       "      <td>3.1</td>\n",
       "      <td>1.5</td>\n",
       "      <td>0.2</td>\n",
       "      <td>setosa</td>\n",
       "    </tr>\n",
       "    <tr>\n",
       "      <th>4</th>\n",
       "      <td>5.0</td>\n",
       "      <td>3.6</td>\n",
       "      <td>1.4</td>\n",
       "      <td>0.2</td>\n",
       "      <td>setosa</td>\n",
       "    </tr>\n",
       "    <tr>\n",
       "      <th>...</th>\n",
       "      <td>...</td>\n",
       "      <td>...</td>\n",
       "      <td>...</td>\n",
       "      <td>...</td>\n",
       "      <td>...</td>\n",
       "    </tr>\n",
       "    <tr>\n",
       "      <th>145</th>\n",
       "      <td>6.7</td>\n",
       "      <td>3.0</td>\n",
       "      <td>5.2</td>\n",
       "      <td>2.3</td>\n",
       "      <td>virginica</td>\n",
       "    </tr>\n",
       "    <tr>\n",
       "      <th>146</th>\n",
       "      <td>6.3</td>\n",
       "      <td>2.5</td>\n",
       "      <td>5.0</td>\n",
       "      <td>1.9</td>\n",
       "      <td>virginica</td>\n",
       "    </tr>\n",
       "    <tr>\n",
       "      <th>147</th>\n",
       "      <td>6.5</td>\n",
       "      <td>3.0</td>\n",
       "      <td>5.2</td>\n",
       "      <td>2.0</td>\n",
       "      <td>virginica</td>\n",
       "    </tr>\n",
       "    <tr>\n",
       "      <th>148</th>\n",
       "      <td>6.2</td>\n",
       "      <td>3.4</td>\n",
       "      <td>5.4</td>\n",
       "      <td>2.3</td>\n",
       "      <td>virginica</td>\n",
       "    </tr>\n",
       "    <tr>\n",
       "      <th>149</th>\n",
       "      <td>5.9</td>\n",
       "      <td>3.0</td>\n",
       "      <td>5.1</td>\n",
       "      <td>1.8</td>\n",
       "      <td>virginica</td>\n",
       "    </tr>\n",
       "  </tbody>\n",
       "</table>\n",
       "<p>150 rows × 5 columns</p>\n",
       "</div>"
      ],
      "text/plain": [
       "     sepal length (cm)  sepal width (cm)  petal length (cm)  petal width (cm)   \n",
       "0                  5.1               3.5                1.4               0.2  \\\n",
       "1                  4.9               3.0                1.4               0.2   \n",
       "2                  4.7               3.2                1.3               0.2   \n",
       "3                  4.6               3.1                1.5               0.2   \n",
       "4                  5.0               3.6                1.4               0.2   \n",
       "..                 ...               ...                ...               ...   \n",
       "145                6.7               3.0                5.2               2.3   \n",
       "146                6.3               2.5                5.0               1.9   \n",
       "147                6.5               3.0                5.2               2.0   \n",
       "148                6.2               3.4                5.4               2.3   \n",
       "149                5.9               3.0                5.1               1.8   \n",
       "\n",
       "       species  \n",
       "0       setosa  \n",
       "1       setosa  \n",
       "2       setosa  \n",
